function [CTx,CPx,CTCP]=CT_CP_exp

% Experimental CT and CP (Knight & Hefner (1937)) depending on the
% collective angle (theta0) for rotors with different filling coefficients
% (sigma) and with un-wrapped blades (theta_tw=0).

% -------------------------------------------------------------------------
% -- CT(theta0) - 1st column is theta0, second is CT
CTx.sigma042=[0    0
              2    0.00037718
              4    0.0011896
              6    0.002176
              8    0.0031915
              10   0.0041779
              12   0.0049323]; % for sigma=0.042
         
CTx.sigma064=[0    0
              2    0.00055233
              4    0.0014244
              6    0.0026744
              8    0.0040988
              10   0.0055523
              12   0.0068023]; % for sigma=0.064
        
CTx.sigma085=[0    0
              1    0.00014507
              2    0.00049323
              3    0.0010155
              4    0.0016538
              5    0.0023791
              6    0.0031915
              7    0.0039749
              8    0.0048743
              9    0.0058607
              10   0.0068762
              11   0.0079497
              12   0.0087041]; % for sigma=0.085
        
CTx.sigma106=[0    0
              2    0.0006383
              4    0.0017988
              6    0.0034526
              8    0.0055126
              10   0.0077176
              12   0.0099516]; % for sigma=0.106             

% -------------------------------------------------------------------------
% -- CP(theta0) - 1st column is theta0, second is CP
CPx.sigma042=[0    5.1724e-005
              1    5.7471e-005
              2    6.3218e-005
              4    9.4828e-005
              6    0.00015517
              8    0.00024425
              10   0.00034483
              12   0.00043678];

CPx.sigma064=[0    9.1954e-005
              2    0.00010057
              4    0.00014655
              6    0.00023851
              8    0.00036494
              10   0.00052011
              12   0.00067529];
          
CPx.sigma085=[0    0.00013506
              1    0.0001408
              2    0.00014943
              3    0.00016667
              4    0.00019828
              5    0.00024713
              6    0.00030747
              7    0.00036782
              8    0.0004569
              9    0.00057759
              10   0.0006954
              11   0.00085345
              12   0.00095115];
          
CPx.sigma106=[0    0.00011207
              2    0.00013218
              4    0.00019253
              6    0.00033333
              8    0.00054023
              10   0.00081322
              12   0.0011351];

% -------------------------------------------------------------------------
% -- CT(CP) - 1st column is CP, second is CT
CTCP.sigma042=[5.3846e-005    0
               5.641e-005     0.0001354
               6.2821e-005    0.00040619
               9.6154e-005    0.0012186
               0.00015897     0.0021663
               0.00024872     0.0032302
               0.00034615     0.0041973
               0.00043846     0.0049323];
           
CTCP.sigma064=[9.2308e-005    0
               0.00010385     0.0005029
               0.00015128     0.00147
               0.00023846     0.0027273
               0.00036795     0.0041393
               0.00052179     0.0055899
               0.00067821     0.0068472]; 
           
CTCP.sigma085=[0.00013444    0
               0.00013956    0.00013514
               0.00015109    0.00050193
               0.00017029    0.0010232
               0.00020615    0.0016216
               0.00025096    0.0023359
               0.00030858    0.0032046
               0.00037132    0.0039189
               0.00045839    0.0048649
               0.00057875    0.0058687
               0.00069654    0.0068726
               0.00085403    0.0079151
               0.00095519    0.0086486];
           
CTCP.sigma106=[0.00011795    0
               0.00013462    0.00058027
               0.00019744    0.0017795
               0.00033974    0.0034236
               0.00054103    0.0054932
               0.00081795    0.0076983];      
% -------------------------------------------------------------------------               
