% Rotor Tutor results 

% za mi=[0.0978 0.1821 0.3074 0.3619 0.4019] 

beta_0_rt=	[3.01 2.68 4.39 5.52 5.89]*pi/180;
a1_rt=		[-0.91 -0.27 -1.25 -1.01 -1.60]*pi/180;
b1_rt=		[-2.61 -1.34 -0.17 -0.31 -0.59]*pi/180;
w_w_rt=		[15 7.73 7.14 7.52 7.12]/3.2808; % R-T feet per sec
T_rt=		[9381.42 8862.44 13812.34 17072.48 18360.15]*4.44822; % R-T lb

X_rt=		[-105.57 55.41 -189.62 -199.57 -433.12]*4.44822;
Y_rt=		[-496.66 -305.08 -416.02 -776.72 -1037.08]*4.4482;
Q_rt=		[12958.59 10117.81 15642.44 19164.42 24186.33]*1.35582; % R-T lb-ft
