% yaw - r - z
r_rt=		[0 12 23 34 46 57]*0.017453; % deg/s to rad/s

beta_0_r=	[1.96 1.93 1.9 1.88 1.85 1.82]*pi/180;
a1_r=		[0 0 0 0 0 0]*pi/180;
b1_r=		[0 0 0 0 0 0]*pi/180;
Fx_r=		[0 0 0 0 0 0]*4.44822;
Fy_r=		[0 0 0 0 0 0]*4.44822;
T_r=		[5991.1 5902.72 5822.28 5742.39 5655.87 5577.14]*4.44822;
Q_r=		[12542.42 12357.39 12189 12021.76 11840.65 11675.82]*1.35582;
Vi_r=		[25.73 25.54 25.37 25.19 25 24.83]/3.2808;


% pitch - q - y
q_rt=		[0 12 23 34 46 57]*0.017453;

beta_0_q=	[1.96 1.96 1.96 1.96 1.96 1.97]*pi/180;
a1_q=		[0 -0.82 -1.56 -2.31 -3.13 -3.87]*pi/180;
b1_q=		[0 -0.43 -0.82 -1.21 -1.64 -2.03]*pi/180;
Fx_q=		[0 -11.52 -22.12 -32.81 -44.61 -55.62]*4.44822;
Fy_q=		[0 -69.51 -133.27 -197.11 -266.90 -331.05]*4.44822;
T_q=		[5991.1 5990.9 5990.36 5989.47 5988.12 5986.52]*4.44822;
Q_q=		[12542.42 12211.65 11327.49 9888.09 7685.51 5087.98]*1.35582;
Vi_q=		[25.73 25.73 25.73 25.73 25.73 25.72]/3.2808;


% roll - p -x
p_rt=		[0 12 23 34 46 57]*0.017453;

beta_0_p=	[1.96 1.96 1.96 1.96 1.96 1.97]*pi/180;
a1_p=		[0 0.43 0.82 1.21 1.64 2.03]*pi/180;
b1_p=		[0 -0.82 -1.56 -2.31 -3.13 -3.87]*pi/180;
Fx_p=		[0 69.51 133.27 197.11 266.90 331.05]*4.44822;
Fy_p=		[0 -11.52 -22.12 -32.81 -44.61 -55.62]*4.44822;
T_p=		[5991.1 5990.9 5990.36 5989.47 5988.12 5986.52]*4.44822;
Q_p=		[12542.42 12211.65 11327.49 9888.09 7685.51 5087.98]*1.35582;
Vi_p=		[25.73 0 0 0 25.73 25.72]/3.2808;
